0 0.266477 0.482792 0.045469 0.043083
0 0.456187 0.604014 0.051344 0.077194
0 0.715336 0.513646 0.055375 0.059792
0 0.700340 0.598917 0.066695 0.071306
0 0.267227 0.587076 0.047422 0.076542
0 0.521508 0.653722 0.071312 0.110250
0 0.850840 0.694007 0.089523 0.083181
0 0.340656 0.542938 0.051359 0.061986
0 0.284801 0.690958 0.060633 0.132806
0 0.409402 0.675194 0.059086 0.113833
0 0.581961 0.480375 0.054672 0.052889
0 0.681316 0.959847 0.150680 0.080306
0 0.494891 0.543243 0.068844 0.082347
0 0.423926 0.538333 0.067992 0.072528
0 0.437949 0.465056 0.024648 0.037778
0 0.461320 0.454479 0.032297 0.046847
0 0.490430 0.440118 0.032719 0.051375
0 0.374633 0.407264 0.028047 0.034000
0 0.774734 0.870417 0.118641 0.148306
0 0.237156 0.522847 0.042922 0.061194
0 0.229293 0.454472 0.044195 0.042306
0 0.267965 0.390639 0.027195 0.043056
0 0.243531 0.409528 0.026766 0.026444
0 0.212086 0.405778 0.024219 0.035444
0 0.227809 0.381576 0.023367 0.032486
0 0.173785 0.395618 0.026789 0.032042
0 0.313867 0.415049 0.029781 0.041597
0 0.366016 0.424792 0.040141 0.047306
0 0.246949 0.907264 0.098727 0.153556
0 0.877773 0.645674 0.082687 0.071264
