0 0.772852 0.652861 0.078312 0.090583
0 0.239398 0.533986 0.038500 0.056500
0 0.274762 0.485444 0.043867 0.056500
0 0.307664 0.459972 0.041625 0.056500
0 0.396285 0.451618 0.035383 0.044569
0 0.598410 0.463132 0.034164 0.044403
0 0.560578 0.463785 0.045172 0.061375
0 0.429277 0.437340 0.041867 0.045042
0 0.237926 0.407958 0.030117 0.025472
0 0.266574 0.407632 0.022039 0.030042
0 0.193117 0.397840 0.018359 0.027431
0 0.635223 0.557438 0.058961 0.051931
0 0.383133 0.617028 0.076266 0.110944
0 0.814422 0.519597 0.059906 0.057917
0 0.768801 0.568944 0.067367 0.067306
0 0.608117 0.889674 0.110719 0.182292
0 0.275813 0.707993 0.062688 0.101264
0 0.271941 0.832722 0.080508 0.161889
0 0.686523 0.742688 0.090188 0.116347
0 0.497332 0.481389 0.042758 0.038750
0 0.462691 0.949444 0.114289 0.095083
0 0.326355 0.416861 0.034852 0.035861
0 0.538367 0.471201 0.017859 0.025181
0 0.762918 0.409319 0.037430 0.050444
0 0.965617 0.707667 0.064375 0.065278
0 0.481242 0.609021 0.074188 0.107236
