0 0.332172 0.547639 0.050469 0.057556
0 0.341535 0.497132 0.050789 0.051347
0 0.348836 0.464403 0.047609 0.028778
0 0.548938 0.584743 0.085641 0.114181
0 0.500125 0.482347 0.047922 0.056194
0 0.446285 0.464958 0.036820 0.050222
0 0.474219 0.424896 0.048250 0.049097
0 0.537234 0.435340 0.037141 0.038375
0 0.391848 0.446063 0.035867 0.038375
0 0.381375 0.418403 0.032063 0.039500
0 0.663152 0.476292 0.043758 0.030861
0 0.840418 0.959729 0.047195 0.068264
0 0.282738 0.782111 0.078508 0.169556
0 0.936516 0.692208 0.085641 0.076556
0 0.979398 0.580125 0.041125 0.071694
0 0.447281 0.573403 0.053781 0.065833
0 0.610254 0.474090 0.050336 0.051625
0 0.596523 0.529813 0.038641 0.048931
0 0.397578 0.657521 0.069687 0.137236
0 0.929129 0.608486 0.083602 0.075306
0 0.676910 0.580743 0.062211 0.066819
0 0.522504 0.693181 0.066523 0.116250
0 0.682719 0.721694 0.086203 0.128083
0 0.811191 0.676153 0.085023 0.082917
0 0.679992 0.962194 0.116312 0.075611
0 0.314539 0.413743 0.026812 0.033236
0 0.268262 0.406556 0.029008 0.037278
0 0.234461 0.400708 0.028266 0.029389
0 0.190215 0.397417 0.016164 0.019000
0 0.171484 0.392549 0.012484 0.019597
0 0.214824 0.439493 0.038195 0.031347
0 0.263305 0.447007 0.044078 0.039819
0 0.241453 0.465646 0.039297 0.047069
0 0.201598 0.479326 0.038930 0.050931
0 0.238879 0.522778 0.048117 0.052833
0 0.285668 0.632854 0.060945 0.068847
0 0.275352 0.589396 0.053016 0.056431
