0 0.376320 0.442597 0.039594 0.040583
0 0.410133 0.433347 0.028609 0.041611
0 0.528711 0.726479 0.068359 0.103097
0 0.718422 0.604090 0.064609 0.080347
0 0.850078 0.562396 0.061766 0.079153
0 0.785410 0.561993 0.099039 0.095264
0 0.276934 0.604681 0.046836 0.076667
0 0.456922 0.587201 0.055906 0.070347
0 0.591023 0.523118 0.037328 0.045514
0 0.386320 0.626479 0.060344 0.094069
0 0.482926 0.471910 0.041492 0.029542
0 0.813953 0.917576 0.164297 0.164847
0 0.774844 0.429333 0.050578 0.063194
0 0.456969 0.521611 0.052312 0.070889
0 0.433848 0.928299 0.165227 0.143403
0 0.575605 0.480167 0.052039 0.051056
0 0.613719 0.476444 0.036594 0.034639
0 0.306184 0.413299 0.020102 0.019597
0 0.482750 0.459958 0.040453 0.051111
0 0.179480 0.391944 0.031164 0.033833
0 0.214371 0.400736 0.025930 0.039472
0 0.250195 0.397257 0.028172 0.025875
0 0.259102 0.549257 0.048203 0.057958
0 0.346387 0.488458 0.047648 0.063528
0 0.267664 0.479715 0.050750 0.060764
