0 0.381641 0.425396 0.026078 0.028069
0 0.491508 0.462472 0.038531 0.040222
0 0.626020 0.499549 0.052102 0.053181
0 0.835727 0.548222 0.087078 0.078889
0 0.971160 0.731236 0.057680 0.145694
0 0.255520 0.459437 0.037461 0.037097
0 0.246629 0.434361 0.043398 0.030778
0 0.284805 0.402951 0.029641 0.037097
0 0.326180 0.420451 0.030828 0.034986
0 0.208336 0.400847 0.033672 0.031194
0 0.722699 0.548438 0.064523 0.070153
0 0.595125 0.528715 0.048922 0.060597
0 0.839027 0.618604 0.091758 0.080875
0 0.499820 0.556868 0.065250 0.073042
0 0.532348 0.674667 0.070008 0.105194
0 0.447813 0.457743 0.046500 0.048264
0 0.440617 0.581764 0.052109 0.067083
0 0.353422 0.465382 0.048797 0.066292
0 0.279227 0.579271 0.102594 0.212708
0 0.342871 0.543014 0.040086 0.067778
0 0.298934 0.523333 0.123211 0.097694
0 0.174781 0.392632 0.028219 0.023181
0 0.364379 0.437146 0.035633 0.039819
