0 0.233043 0.471806 0.029727 0.034972
0 0.230926 0.442125 0.022070 0.026028
0 0.275652 0.465979 0.035570 0.037514
0 0.270195 0.435625 0.033672 0.028250
0 0.325074 0.443847 0.043898 0.054806
0 0.379035 0.512556 0.044586 0.064917
0 0.386742 0.486215 0.040547 0.039208
0 0.370852 0.442583 0.031062 0.032889
0 0.465105 0.452493 0.036992 0.034986
0 0.515375 0.434993 0.044578 0.047208
0 0.462500 0.523729 0.061172 0.061958
0 0.545848 0.581264 0.066633 0.081778
0 0.297570 0.402736 0.029750 0.030694
0 0.255809 0.402160 0.023789 0.020319
0 0.268504 0.416694 0.017836 0.017694
0 0.227797 0.406833 0.024016 0.026833
0 0.173945 0.376944 0.069781 0.084222
0 0.990824 0.642319 0.018023 0.057972
0 0.338211 0.525931 0.062266 0.090028
0 0.205137 0.473785 0.026133 0.029681
0 0.438078 0.582187 0.048578 0.062819
0 0.623305 0.679708 0.078016 0.101861
0 0.292566 0.503799 0.040148 0.049764
0 0.552844 0.472118 0.052297 0.055625
0 0.262273 0.898542 0.121719 0.191667
0 0.778332 0.642958 0.087617 0.117111
0 0.842543 0.615944 0.072773 0.069472
0 0.616543 0.497646 0.051570 0.059653
0 0.285625 0.625569 0.053938 0.103528
0 0.736105 0.518403 0.052773 0.050639
0 0.700043 0.537701 0.057023 0.058625
0 0.476270 0.632667 0.059898 0.081889
