0 0.555629 0.460847 0.035242 0.038972
0 0.485961 0.466681 0.033984 0.043111
0 0.835090 0.689382 0.090305 0.084542
0 0.324750 0.421069 0.028969 0.033750
0 0.385059 0.484806 0.046102 0.050944
0 0.622156 0.458743 0.053703 0.036403
0 0.637152 0.481646 0.041117 0.033542
0 0.615187 0.507486 0.049656 0.053722
0 0.390496 0.431319 0.033336 0.029861
0 0.323359 0.525090 0.047531 0.072403
0 0.559059 0.775174 0.082117 0.124764
0 0.474445 0.467375 0.056922 0.043306
0 0.352063 0.438153 0.024984 0.019639
0 0.245195 0.468882 0.037844 0.045958
0 0.502848 0.649896 0.069930 0.107847
0 0.282715 0.652715 0.056102 0.099875
0 0.825617 0.553174 0.072453 0.071042
0 0.765852 0.602361 0.068687 0.075500
0 0.968906 0.724354 0.062187 0.102681
0 0.232641 0.925639 0.097875 0.148722
0 0.428770 0.939194 0.137148 0.121611
0 0.314633 0.477910 0.046813 0.042208
0 0.206551 0.396882 0.035086 0.028625
0 0.275922 0.407590 0.021156 0.020347
0 0.308352 0.402799 0.018297 0.018236
0 0.263977 0.545285 0.048344 0.057292
