0 0.352504 0.413264 0.024742 0.037472
0 0.597602 0.826569 0.094047 0.139778
0 0.498109 0.628722 0.066484 0.102194
0 0.766156 0.642278 0.077375 0.085111
0 0.920125 0.651618 0.100234 0.102764
0 0.703902 0.503556 0.056852 0.056694
0 0.628617 0.510549 0.052250 0.047597
0 0.650879 0.573160 0.051320 0.038792
0 0.467348 0.438743 0.040352 0.050375
0 0.308668 0.521285 0.039961 0.057486
0 0.544996 0.502125 0.044727 0.050056
0 0.657918 0.699174 0.088586 0.113542
0 0.401004 0.677424 0.060992 0.114903
0 0.443539 0.502944 0.049437 0.066778
0 0.369398 0.587653 0.046719 0.076750
0 0.390766 0.585007 0.090297 0.082125
0 0.409316 0.582924 0.053508 0.068403
0 0.693453 0.502632 0.035781 0.050653
0 0.418984 0.434785 0.038906 0.028347
0 0.882289 0.931986 0.165734 0.136028
0 0.374363 0.518375 0.048133 0.056056
0 0.381832 0.479590 0.045523 0.045097
0 0.330973 0.476222 0.045289 0.051000
0 0.257465 0.481069 0.041492 0.043000
0 0.250586 0.442917 0.043391 0.040056
0 0.262563 0.414889 0.020859 0.026139
0 0.294336 0.416361 0.028453 0.035000
0 0.173406 0.397188 0.015172 0.016014
0 0.188465 0.394653 0.013992 0.020222
0 0.217867 0.406458 0.020625 0.023611
0 0.238258 0.402243 0.018734 0.027819
0 0.404855 0.411806 0.027508 0.026139
0 0.531980 0.582903 0.056352 0.066667
0 0.542637 0.455208 0.051852 0.046639
