0 0.301063 0.596229 0.042797 0.074347
0 0.897281 0.460250 0.070922 0.064389
0 0.508844 0.566375 0.054641 0.063167
0 0.260785 0.455458 0.037820 0.034750
0 0.256961 0.486056 0.039516 0.041556
0 0.293238 0.778486 0.072430 0.150000
0 0.333816 0.486021 0.042555 0.046042
0 0.322051 0.417250 0.041477 0.034167
0 0.913605 0.577306 0.082945 0.086500
0 0.251699 0.551090 0.041086 0.049458
0 0.292254 0.506646 0.039008 0.062097
0 0.328020 0.541375 0.038570 0.062972
0 0.213512 0.400708 0.022492 0.029278
0 0.195535 0.388583 0.021961 0.024556
0 0.260008 0.408896 0.032594 0.029292
0 0.401621 0.413840 0.038680 0.040486
0 0.734895 0.792958 0.126008 0.203639
0 0.389270 0.637167 0.092023 0.203167
0 0.432469 0.569160 0.038672 0.067236
0 0.432469 0.505326 0.053969 0.071014
0 0.371699 0.475479 0.043773 0.050625
0 0.290316 0.441479 0.039945 0.043069
0 0.737738 0.492535 0.051555 0.051847
0 0.748547 0.577972 0.070609 0.064361
0 0.544289 0.733528 0.073797 0.110306
