0 0.955594 0.604542 0.060469 0.071000
0 0.258871 0.546056 0.041852 0.098833
0 0.565293 0.478840 0.051898 0.052153
0 0.682031 0.497563 0.052500 0.052875
0 0.800590 0.506889 0.063258 0.047667
0 0.567648 0.498556 0.055547 0.091250
0 0.778430 0.655236 0.084578 0.071583
0 0.332496 0.536979 0.043039 0.062375
0 0.301055 0.650069 0.051656 0.093056
0 0.193867 0.442729 0.037375 0.033208
0 0.187723 0.407764 0.033930 0.033222
0 0.220578 0.394965 0.019750 0.029264
0 0.251703 0.403674 0.018094 0.031042
0 0.281129 0.406243 0.027805 0.029375
0 0.297898 0.422632 0.032750 0.031153
0 0.394238 0.432111 0.033508 0.047389
0 0.365297 0.410444 0.021328 0.041972
0 0.343594 0.435493 0.032750 0.037903
0 0.273906 0.487618 0.041125 0.050097
0 0.320746 0.476792 0.047977 0.036556
0 0.374816 0.513347 0.049508 0.055500
0 0.509238 0.428729 0.108148 0.108319
0 0.256496 0.940924 0.113289 0.118153
0 0.470117 0.965187 0.106484 0.069625
0 0.632527 0.875771 0.144680 0.201403
0 0.424316 0.566549 0.052336 0.080403
0 0.821996 0.559021 0.068773 0.055764
0 0.709703 0.551840 0.060687 0.062014
0 0.652320 0.444938 0.125203 0.080431
