0 0.196887 0.436104 0.025570 0.030486
0 0.289469 0.501903 0.037484 0.041806
0 0.227262 0.470313 0.069102 0.060264
0 0.697781 0.591556 0.142875 0.134139
0 0.779273 0.545604 0.044672 0.039958
0 0.745027 0.559569 0.055695 0.054778
0 0.396125 0.691528 0.059344 0.093444
0 0.659371 0.514181 0.059820 0.047861
0 0.240484 0.466326 0.041906 0.049708
0 0.502387 0.554028 0.049195 0.056472
0 0.267316 0.539250 0.040164 0.069194
0 0.620637 0.550562 0.052273 0.055542
0 0.866848 0.720812 0.096039 0.097514
0 0.224625 0.419854 0.041484 0.037292
0 0.350410 0.431014 0.043398 0.039083
0 0.437727 0.437903 0.040297 0.048028
0 0.510250 0.441319 0.109203 0.151806
0 0.456004 0.952618 0.129711 0.094764
0 0.368258 0.506056 0.052672 0.063722
0 0.429941 0.498958 0.049805 0.062667
0 0.560852 0.510090 0.048672 0.048569
